------------------------Final result-------------------------------------
Total Running Time : 51.0516s
Total number of edge events:11572
Edge Result:
----------------The total cost in the Tree ---------------------
0.2196
-------------------Output nodes who choose to pay penalties----------------
 2
 13
 14
 15
 20
 21
 24
 28
 31
 37
 38
 39
 44
 45
 47
 52
 56
 60
 63
 68
 72
 76
 78
 79
 81
 84
 93
 96
 97
 99
 102
 107
 108
 109
 111
 113
 120
 124
 129
 132
 135
 139
 140
 142
 149
 153
 154
 155
 160
 166
 171
 173
 181
 186
 187
 190
 191
 193
 196
 199
 202
 212
 213
 215
 216
 219
 221
 225
 226
 229
 231
 237
 238
 239
 241
 244
 245

-------------------Total penalty is ----------------
0.1540

