---------------NodeID----------------
 0
 1
 3
 4
 5
 6
 7
 8
 9
 10
 11
 12
 16
 17
 18
 19
 22
 23
 25
 26
 27
 29
 30
 32
 33
 34
 35
 36
 40
 41
 42
 43
 46
 48
 49
 50
 51
 53
 54
 55
 57
 58
 59
 61
 62
 64
 65
 66
 67
 69
 70
 71
 73
 74
 75
 77
 80
 82
 83
 85
 86
 87
 88
 89
 90
 91
 92
 94
 95
 98
 100
 101
 103
 104
 105
 106
 110
 112
 114
 115
 116
 117
 118
 119
 121
 122
 123
 125
 126
 127
 128
 130
 131
 133
 134
 136
 137
 138
 141
 143
 144
 145
 146
 147
 148
 150
 151
 152
 156
 157
 158
 159
 161
 162
 163
 164
 165
 167
 168
 169
 170
 172
 174
 175
 176
 177
 178
 179
 180
 182
 183
 184
 185
 188
 189
 192
 194
 195
 197
 198
 200
 201
 203
 204
 205
 206
 207
 208
 209
 210
 211
 214
 217
 218
 220
 222
 223
 224
 227
 228
 230
 232
 233
 234
 235
 236
 240
 242
 243
 246
 247
 248
 249
 261
 282
 300
 307
 311
 355
 367
 378
 383
 389
 410
 434
 435
 444
 462
 469
 489
 492
 505
 562
 592
 598
 603
 618
 641
 647
 650
 655
 664
 668
 669
 679
 690
 724
 751
 757
 758
 766
 779
 782
 786
 788
 790
 810
 830
 835
 846
 868
 871
 888
 893
 902
 906
 925
 952
 953
 982
 1031
 1066
 1068
 1074
 1105
 1154
 1169
 1198
 1200
 1208
 1229
 1240
 1254
 1261
 1262
 1264
 1274
 1276
 1351
 1362
 1424
 1431
 1502
 1539
 1559
 1575
 1606
 1623
 1644
 1645
 1648
 1660
 1663
 1666
 1674
 1677
 1706
 1713
 1714
 1716
 1717
 1724
 1735
 1743
 1747
 1771
 1793
 1803
 1808
 1821
 1840
 1894
 1928
 1970
 1991
 2009
 2017
 2026
 2030
 2036
 2045
 2080
 2085
 2095
 2116
 2137
 2185
 2261
 2284
 2287
 2303
 2316
 2328
 2330
 2339
 2360
 2374
 2384
 2402
 2405
 2429
 2439
 2475
 2519
 2526
 2571
 2619
 2633
 2638
 2691
 2696
 2699
 2701
 2712
 2714
 2716
 2721
 2731
 2742
 2762
 2768
 2772
 2799
 2807
 2820
 2841
 2852
 2891
 2896
 2897
 2905
 2929
 2935
 2939
 2957
 2961
 2989
 3016
 3037
 3061
 3062
 3084
 3106
 3108
 3109
 3120
 3163
 3190
 3195
 3208
 3209
 3218
 3232
 3240
 3252
 3263
 3280
 3294
 3299
 3316
 3318
 3324
 3402
 3405
 3495
 3502
 3504
 3512
 3519
 3543
 3556
 3561
 3565
 3573
 3582
 3586
 3587
 3619
 3647
 3668
 3687
 3691
 3719
 3729
 3732
 3745
 3754
 3764
 3786
 3793
 3836
 3871
 3886
 3927
 3929
 3939
 3946
 3955
 3979
 3989

